EFFICIENCY	FLOW	TIME	F		D		Nt		SITE	HWALL	SA			Np		COST		COSTOVEREFFICIENCY
0.928436	11.00	12.00	0.002	1.50	0.94	2		19.0 	25010.53	0.92	1094649.73	1179025.90
0.927216	11.00	12.00	0.002	1.50	0.94	3		19.0 	25010.53	0.92	576610.86	621873.18
0.935915	17.00	11.83	0.002	2.25	0.94	4		18.5 	39145.95	0.92	542783.00	579948.77
0.927995	17.00	12.00	0.002	1.75	0.94	4		18.5 	39697.30	0.92	517238.40	557372.08
0.931492	37.00	11.83	0.002	3.00	0.94	1		5.0 	315240.00	0.92	427271.45	458695.73
0.931492	37.00	11.83	0.002	3.00	0.94	1		6.0 	262700.00	0.92	423071.45	454186.85
0.921723	37.00	12.00	0.002	2.50	0.94	1		5.0 	319680.00	0.92	399968.40	433935.59
0.921723	37.00	12.00	0.002	2.50	0.94	1		6.0 	266400.00	0.92	395646.11	429246.23
0.909590	38.00	11.83	0.002	2.25	0.94	1		6.0 	269800.00	0.92	387067.97	425540.96
